附合水准平差计算

测站            后视距(m)        前视距(m)        视距差(m)        累计视距差(m)      视距(m)         后尺差(mm)       前尺差(mm)       后减前(mm)       黑面(基础)高差(cm)  红面(辅助)高差(cm)  高差中数(cm)    
1                 20.4              20.3              0.1               0.1               40.7              0.01              0.28              -0.27             -125.838          -125.811          -125.824        
2                 20.2              20.4              -0.2              -0.1              40.6              -0.32             0.22              -0.54             -128.847          -128.793          -128.82         
3                 20.4              20.4              0                 -0.1              40.8              0.32              -0.02             0.34              -130.558          -130.592          -130.575        
4                 20.8              20.1              0.7               0.6               40.9              -0.3              0.15              -0.45             -133.57           -133.525          -133.547        
5                 20.3              20.2              0.1               0.7               40.5              0.1               0.06              0.04              -142.435          -142.439          -142.437        
6                 21.2              20.8              0.4               1.1               42                -0.36             -0.04             -0.32             -141.852          -141.82           -141.836        
7                 20.4              20.5              -0.1              1                 40.9              -0.03             0.19              -0.22             -140.634          -140.612          -140.623        
8                 20.3              20.3              0                 1                 40.6              -0.34             0.09              -0.43             -143.465          -143.422          -143.444        
9                 20.4              21.2              -0.8              0.2               41.6              0.04              -0.29             0.33              -136.061          -136.094          -136.078        
10                19.1              19.4              -0.3              -0.1              38.5              0                 0.06              -0.06             -131.4            -131.394          -131.397        
11                22.2              22.1              0.1               0                 44.3              0.35              -0.23             0.58              -144.207          -144.265          -144.236        
12                28.2              28.3              -0.1              -0.1              56.5              0.27              -0.07             0.34              -117.183          -117.217          -117.2          
13                34.1              34.1              0                 -0.1              68.2              -0.05             -0.3              0.25              -58.985           -59.01            -58.998         
14                34.3              34.1              0.2               0.1               68.4              0.01              -0.13             0.14              5.733             5.719             5.726           
高程配赋平差计算

点号            视距(m)         高差中数(cm)      改正数(cm)       改正后高差(cm)     高程(m)       
A                                                                                         0               
1                 40.7              -125.824          -0.001            -125.823          -1.25823        
2                 40.6              -128.82           -0.001            -128.819          -2.54643        
3                 40.8              -130.575          -0.001            -130.574          -3.85217        
4                 40.9              -133.547          -0.001            -133.546          -5.18764        
5                 40.5              -142.437          -0.001            -142.436          -6.612          
6                 42                -141.836          -0.001            -141.835          -8.03036        
7                 40.9              -140.623          -0.001            -140.622          -9.43658        
8                 40.6              -143.444          -0.001            -143.443          -10.87101       
9                 41.6              -136.078          -0.001            -136.077          -12.23179       
10                38.5              -131.397          -0.001            -131.396          -13.54575       
11                44.3              -144.236          -0.001            -144.235          -14.98811       
12                56.5              -117.2            -0.001            -117.199          -16.1601        
13                68.2              -58.998           -0.001            -58.997           -16.75007       
B                 68.4              5.726             -0.001            5.727             -16.6928        
                                                      -0.009                                              
